94.jpg 1,0.470721,0.248182,0.155856,0.067273 0,0.489189,0.423636,0.198198,0.105455 
148.jpg 1,0.490805,0.245283,0.245977,0.090566 0,0.403448,0.339623,0.218391,0.105660 
11.jpg 0,0.493281,0.238095,0.377812,0.142857 1,0.515469,0.599702,0.214063,0.093452 
77.jpg 1,0.491886,0.249097,0.241379,0.086643 0,0.484280,0.427798,0.260649,0.126354 
2.jpg 0,0.458389,0.279661,0.245638,0.067797 
80.jpg 0,0.573333,0.241706,0.349333,0.071090 1,0.266667,0.234597,0.160000,0.061611 
21.jpg 1,0.618103,0.223944,0.470690,0.092958 
105.jpg 0,0.455739,0.470000,0.183796,0.094000 1,0.863841,0.319500,0.225806,0.069000 
74.jpg 1,0.456641,0.238889,0.155469,0.080556 0,0.451563,0.343750,0.226562,0.134722 
110.jpg 1,0.558587,0.420833,0.208570,0.075000 0,0.453298,0.852679,0.156679,0.108929 
45.jpg 0,0.471875,0.466887,0.154167,0.105960 1,0.838021,0.311258,0.201042,0.056291 
135.jpg 1,0.588750,0.211111,0.322500,0.075556 0,0.518750,0.288889,0.227500,0.088889 
125.jpg 0,0.500000,0.409639,0.287129,0.060241 
142.jpg 0,0.446188,0.397887,0.255605,0.091549 1,0.403587,0.299296,0.161435,0.049296 
150.jpg 0,0.429348,0.252193,0.250000,0.118421 1,0.539402,0.471491,0.328804,0.074561 
75.jpg 1,0.565385,0.332512,0.167692,0.078818 0,0.415385,0.483990,0.147692,0.120690 
63.jpg 0,0.502985,0.482759,0.229851,0.106101 
106.jpg 0,0.448333,0.388333,0.110000,0.070000 1,0.538750,0.332222,0.217500,0.046667 
52.jpg 1,0.212500,0.201872,0.258333,0.066845 0,0.520833,0.398396,0.295000,0.069519 
40.jpg 1,0.533058,0.413961,0.206612,0.061688 0,0.182851,0.808442,0.221074,0.064935 
127.jpg 1,0.479245,0.213147,0.130818,0.059761 0,0.493711,0.431275,0.184906,0.113546 
108.jpg 1,0.477845,0.178571,0.255455,0.072619 0,0.429507,0.298214,0.207116,0.130952 
60.jpg 0,0.481857,0.369004,0.131270,0.099631 
126.jpg 1,0.504274,0.355888,0.220513,0.050967 0,0.461111,0.567663,0.098291,0.045694 
132.jpg 0,0.438244,0.203571,0.177083,0.154762 1,0.495536,0.844048,0.291667,0.059524 
7.jpg 1,0.580948,0.218431,0.214215,0.075294 0,0.456565,0.319608,0.137216,0.105098 
90.jpg 1,0.529412,0.484746,0.103529,0.040678 0,0.571765,0.689831,0.240000,0.037288 
155.jpg 1,0.884105,0.243252,0.218109,0.055913 0,0.494970,0.325514,0.326761,0.102185 
41.jpg 1,0.496667,0.301230,0.196667,0.064208 
55.jpg 1,0.831811,0.286905,0.196347,0.064286 
37.jpg 0,0.530941,0.280769,0.254950,0.061538 1,0.691832,0.201923,0.472772,0.088462 
133.jpg 1,0.602672,0.230924,0.459916,0.072289 
23.jpg 1,0.437500,0.284585,0.260000,0.055336 0,0.408750,0.407115,0.207500,0.047431 
12.jpg 0,0.444203,0.304813,0.215942,0.101604 1,0.455797,0.565508,0.175362,0.072193 
49.jpg 0,0.458008,0.243056,0.255859,0.079861 
82.jpg 0,0.546875,0.348092,0.324219,0.082443 1,0.595703,0.552672,0.244141,0.067176 
107.jpg 1,0.482292,0.322222,0.177083,0.050000 0,0.515625,0.455556,0.247917,0.083333 
136.jpg 0,0.508333,0.376453,0.050000,0.031977 
58.jpg 1,0.568125,0.444444,0.181250,0.106667 0,0.500000,0.714444,0.215000,0.091111 
64.jpg 0,0.470833,0.468519,0.138542,0.101852 1,0.782292,0.320370,0.170833,0.061111 
39.jpg 1,0.542952,0.323333,0.351960,0.057778 
30.jpg 1,0.537037,0.267974,0.168724,0.065359 0,0.411523,0.428105,0.148148,0.111111 
4.jpg 0,0.454167,0.440887,0.152778,0.113300 1,0.812500,0.270936,0.202778,0.088670 
137.jpg 1,0.429306,0.253138,0.262211,0.071130 0,0.426735,0.389121,0.277635,0.066946 
32.jpg 1,0.478405,0.291774,0.215947,0.084833 0,0.354651,0.538560,0.137874,0.115681 
103.jpg 1,0.524000,0.356267,0.235200,0.069333 0,0.439400,0.401867,0.176400,0.081600 
3.jpg 1,0.490417,0.314074,0.172500,0.088889 0,0.422500,0.403704,0.113333,0.078519 
5.jpg 1,0.500000,0.218750,0.206522,0.076389 0,0.515761,0.443576,0.238043,0.102431 
84.jpg 1,0.508025,0.277778,0.183951,0.080000 0,0.515432,0.364444,0.262963,0.093333 
100.jpg 1,0.535000,0.311111,0.170000,0.071111 0,0.481250,0.388889,0.202500,0.075556 
69.jpg 1,0.481731,0.270115,0.194231,0.074713 0,0.502885,0.443966,0.251923,0.112069 
34.jpg 1,0.635802,0.120968,0.440329,0.048387 0,0.485597,0.164516,0.263374,0.038710 
53.jpg 0,0.479018,0.470635,0.100893,0.087302 1,0.710714,0.358730,0.133929,0.044444 
10.jpg 1,0.533333,0.320741,0.227778,0.069630 0,0.222222,0.818519,0.168519,0.131852 
114.jpg 1,0.480990,0.316204,0.181771,0.058333 0,0.390104,0.544444,0.122917,0.087037 
61.jpg 1,0.484540,0.227522,0.186226,0.071272 0,0.411806,0.317434,0.089951,0.104167 
19.jpg 1,0.559583,0.263364,0.277500,0.054759 0,0.429167,0.350065,0.135000,0.108214 
57.jpg 1,0.440833,0.196296,0.248333,0.061728 0,0.292500,0.341975,0.175000,0.041975 
67.jpg 0,0.443357,0.291489,0.229371,0.080851 1,0.544755,0.481915,0.306294,0.061702 
24.jpg 1,0.540234,0.273611,0.213281,0.058333 0,0.433984,0.352083,0.108594,0.095833 
120.jpg 1,0.479500,0.315000,0.156000,0.044667 0,0.430750,0.383333,0.074500,0.064000 
97.jpg 1,0.545912,0.249505,0.254088,0.067327 0,0.425157,0.342574,0.135849,0.122772 
156.jpg 0,0.444915,0.286127,0.194915,0.156069 
79.jpg 1,0.560440,0.352778,0.219780,0.088889 0,0.451334,0.793056,0.155416,0.102778 
149.jpg 1,0.550000,0.310811,0.177778,0.099099 0,0.413889,0.463964,0.161111,0.135135 
78.jpg 0,0.529687,0.391667,0.200000,0.194444 
138.jpg 1,0.494078,0.331933,0.284264,0.098039 0,0.160745,0.851541,0.142132,0.117647 
14.jpg 1,0.551754,0.273045,0.196491,0.065642 
95.jpg 1,0.568605,0.205993,0.276744,0.067416 0,0.412791,0.383895,0.113953,0.108614 
143.jpg 1,0.522680,0.234426,0.129897,0.055738 0,0.482474,0.473770,0.239175,0.121311 
16.jpg 1,0.595556,0.221831,0.168889,0.063380 0,0.506667,0.700704,0.293333,0.063380 
29.jpg 1,0.516667,0.257485,0.160000,0.071856 0,0.521667,0.437126,0.176667,0.083832 
134.jpg 1,0.484286,0.313750,0.182857,0.062500 0,0.482857,0.452500,0.214286,0.100000 
28.jpg 1,0.492708,0.519590,0.187500,0.083955 0,0.506250,0.740672,0.220833,0.115672 
51.jpg 1,0.662353,0.294231,0.289412,0.073077 0,0.151765,0.790385,0.148235,0.050000 
22.jpg 1,0.707609,0.094156,0.241304,0.084416 0,0.394565,0.709416,0.336957,0.055195 
144.jpg 0,0.474790,0.318182,0.268908,0.090909 1,0.621849,0.216783,0.445378,0.111888 
48.jpg 1,0.524704,0.257053,0.203557,0.072100 0,0.443676,0.460031,0.185771,0.083072 
128.jpg 1,0.535608,0.378527,0.194857,0.061129 0,0.392681,0.543103,0.174085,0.145768 
123.jpg 1,0.545000,0.205534,0.180000,0.047431 0,0.463750,0.353755,0.197500,0.098814 
85.jpg 1,0.491222,0.259465,0.208567,0.060134 0,0.501053,0.347439,0.298455,0.106904 
102.jpg 1,0.691923,0.101093,0.213077,0.076503 0,0.409615,0.709016,0.305385,0.054645 
20.jpg 1,0.556853,0.203436,0.283249,0.070524 0,0.433503,0.294756,0.152284,0.115732 
50.jpg 1,0.601875,0.268555,0.268750,0.060547 0,0.442500,0.465820,0.125000,0.111328 
71.jpg 0,0.518555,0.478125,0.214844,0.188750 1,0.026367,0.536250,0.037109,0.270000 
111.jpg 1,0.555769,0.259577,0.260256,0.055444 0,0.440385,0.347278,0.157692,0.113911 
86.jpg 1,0.559816,0.203476,0.254601,0.083845 0,0.515337,0.431493,0.180982,0.118609 
65.jpg 1,0.505865,0.257180,0.143695,0.044386 0,0.563050,0.353786,0.281525,0.101828 
119.jpg 0,0.388258,0.299259,0.157197,0.112593 1,0.080966,0.345185,0.023674,0.145185 
27.jpg 0,0.413793,0.339181,0.122605,0.081871 1,0.614943,0.254386,0.425287,0.087719 
0.jpg 0,0.491071,0.347522,0.280714,0.049555 1,0.631071,0.231893,0.436429,0.090216 
76.jpg 1,0.532454,0.326126,0.162272,0.050450 0,0.454361,0.381982,0.073022,0.068468 
115.jpg 0,0.404348,0.293814,0.127536,0.108247 1,0.497101,0.576031,0.176812,0.069588 
88.jpg 0,0.535625,0.230000,0.161250,0.131111 1,0.605625,0.388889,0.191250,0.124444 
68.jpg 0,0.368590,0.684959,0.544872,0.060976 1,0.483974,0.817073,0.403846,0.056911 
44.jpg 1,0.580714,0.230198,0.098571,0.039604 0,0.418571,0.678218,0.074286,0.059406 
129.jpg 1,0.487500,0.346549,0.198333,0.061674 0,0.380000,0.600587,0.148333,0.108664 
91.jpg 1,0.557778,0.253401,0.288889,0.064626 0,0.423333,0.350340,0.135556,0.122449 
116.jpg 1,0.775602,0.321586,0.159639,0.052863 0,0.423193,0.471366,0.147590,0.088106 
73.jpg 0,0.443243,0.404382,0.156757,0.155378 1,0.208108,0.258964,0.227027,0.079681 
131.jpg 1,0.569141,0.204861,0.292969,0.068056 0,0.421875,0.311806,0.135938,0.129167 
157.jpg 0,0.471850,0.478355,0.171582,0.108225 
70.jpg 1,0.574219,0.365972,0.248438,0.076389 0,0.469531,0.618056,0.206250,0.052778 
87.jpg 1,0.525000,0.382937,0.210000,0.083333 0,0.431250,0.795635,0.142500,0.107143 
66.jpg 1,0.478516,0.312693,0.187500,0.068111 0,0.377930,0.547988,0.126953,0.099071 
9.jpg 0,0.488000,0.392000,0.236000,0.112000 
101.jpg 1,0.445556,0.334971,0.215556,0.041257 0,0.386667,0.527505,0.108889,0.049116 
36.jpg 0,0.571651,0.342482,0.423676,0.054893 
89.jpg 1,0.781875,0.302222,0.163750,0.066667 0,0.477500,0.426667,0.127500,0.035556 
104.jpg 0,0.588525,0.376190,0.311475,0.042857 1,0.502459,0.298810,0.168852,0.069048 
121.jpg 1,0.803553,0.235986,0.159391,0.063291 0,0.471574,0.518987,0.114721,0.141049 
18.jpg 1,0.779012,0.232967,0.195062,0.092308 0,0.894444,0.486813,0.144444,0.085714 
96.jpg 1,0.437083,0.289542,0.255833,0.056209 0,0.435000,0.418301,0.268333,0.052288 
118.jpg 0,0.447605,0.263806,0.225299,0.115103 1,0.551460,0.493347,0.324476,0.075183 
62.jpg 0,0.501667,0.470976,0.253333,0.102902 1,0.880833,0.234828,0.165000,0.047493 
158.jpg 1,0.435065,0.268041,0.259740,0.068729 0,0.432900,0.405498,0.277056,0.048110 
98.jpg 1,0.538647,0.220544,0.207729,0.066465 0,0.423671,0.320242,0.120773,0.093656 
13.jpg 1,0.874214,0.227364,0.191195,0.056338 0,0.468553,0.471831,0.164780,0.090543 
47.jpg 0,0.390995,0.339015,0.682464,0.056818 1,0.464455,0.685606,0.265403,0.075758 
109.jpg 1,0.479012,0.252193,0.224691,0.078947 0,0.393210,0.361842,0.151852,0.100877 
46.jpg 1,0.580436,0.237100,0.322923,0.082740 0,0.423394,0.327402,0.154979,0.113879 
54.jpg 1,0.490323,0.241422,0.183871,0.066176 0,0.504839,0.435049,0.241935,0.095588 
26.jpg 1,0.511628,0.294416,0.279070,0.101523 0,0.436877,0.403553,0.162791,0.116751 
141.jpg 1,0.522321,0.380137,0.205357,0.075342 0,0.419643,0.476027,0.187500,0.130137 
146.jpg 1,0.526178,0.257937,0.183246,0.071429 0,0.418848,0.464286,0.136126,0.119048 
159.jpg 1,0.017760,0.525744,0.025654,0.208367 0,0.358165,0.462188,0.148989,0.147224 
117.jpg 1,0.741667,0.288660,0.160000,0.056701 0,0.836667,0.475515,0.116667,0.069588 
124.jpg 1,0.519375,0.265556,0.166250,0.055556 0,0.460625,0.467778,0.186250,0.086667 
140.jpg 1,0.630346,0.321203,0.364562,0.066456 0,0.439919,0.511076,0.195519,0.091772 
8.jpg 1,0.816471,0.357741,0.169412,0.079498 0,0.525882,0.600418,0.152941,0.104603 
152.jpg 1,0.803097,0.225352,0.393805,0.098592 0,0.400442,0.366197,0.137168,0.154930 
25.jpg 1,0.459375,0.227222,0.165000,0.067778 0,0.528438,0.390556,0.294375,0.103333 
139.jpg 1,0.552174,0.269585,0.200000,0.078341 0,0.442029,0.451613,0.176812,0.129032 
72.jpg 1,0.595313,0.343056,0.276562,0.063889 0,0.575781,0.503472,0.082813,0.043056 
33.jpg 0,0.514085,0.302215,0.251509,0.066456 1,0.485915,0.626582,0.199195,0.056962 
35.jpg 1,0.510254,0.400174,0.161133,0.071181 0,0.233398,0.754340,0.181641,0.057292 
93.jpg 1,0.599219,0.277778,0.345313,0.083333 0,0.424219,0.352778,0.114063,0.077778 
6.jpg 0,0.420370,0.309942,0.092593,0.105263 1,0.490741,0.215400,0.198765,0.076023 
43.jpg 1,0.518606,0.270506,0.304507,0.071553 0,0.439465,0.380017,0.187107,0.124782 
81.jpg 1,0.595596,0.250954,0.380236,0.093511 0,0.374866,0.479485,0.146079,0.132634 
154.jpg 1,0.494601,0.217961,0.196161,0.066990 0,0.412118,0.304854,0.082783,0.102913 
145.jpg 1,0.554659,0.302260,0.277778,0.084746 0,0.401434,0.437853,0.100358,0.101695 
147.jpg 1,0.715596,0.273674,0.464832,0.043561 0,0.183486,0.682765,0.269113,0.058712 
99.jpg 1,0.850943,0.348529,0.184906,0.050000 0,0.516038,0.597059,0.164151,0.105882 
92.jpg 1,0.476351,0.231328,0.231081,0.072614 0,0.419595,0.375519,0.174324,0.058091 
38.jpg 1,0.572008,0.314982,0.192698,0.077617 0,0.421400,0.473827,0.138945,0.128159 
1.jpg 0,0.478629,0.603666,0.121774,0.046776 1,0.843145,0.329962,0.187903,0.058154 
151.jpg 1,0.789668,0.242857,0.391144,0.085714 0,0.422509,0.377143,0.158672,0.148571 
31.jpg 0,0.459941,0.435294,0.169139,0.089412 1,0.818249,0.272941,0.215134,0.084706 
122.jpg 1,0.821176,0.375000,0.169412,0.057692 0,0.516471,0.613462,0.148235,0.111538 
17.jpg 1,0.562319,0.248815,0.217391,0.080569 0,0.439130,0.428910,0.171014,0.118483 
