11.jpg 0,0.586449,0.677344,0.546729,0.107813 1,0.320093,0.347656,0.317757,0.082813
2.jpg 0,0.618447,0.836923,0.532039,0.076923 1,0.356796,0.403846,0.319417,0.069231
7.jpg 0,0.617500,0.793750,0.562500,0.064167 1,0.350000,0.397083,0.347500,0.059167
12.jpg 0,0.622751,0.855263,0.532275,0.078947 1,0.372487,0.423520,0.330159,0.074013
4.jpg 0,0.621164,0.856908,0.526984,0.065789 1,0.370899,0.425987,0.324868,0.075658
3.jpg 0,0.654492,0.892815,0.567578,0.073014 1,0.386914,0.435748,0.355078,0.078271
5.jpg 0,0.631148,0.746787,0.519769,0.066838 1,0.383799,0.394602,0.325940,0.059126
10.jpg 0,0.602163,0.753045,0.451923,0.049679 1,0.381010,0.438942,0.274038,0.052885
14.jpg 0,0.634277,0.766276,0.479492,0.061198 1,0.413574,0.438802,0.297852,0.059896
9.jpg 0,0.610677,0.808449,0.462674,0.054398 1,0.397135,0.476852,0.287326,0.062500
13.jpg 0,0.564313,0.770658,0.467844,0.060708 1,0.342371,0.443508,0.288777,0.070826
15.jpg 0,0.627838,0.910667,0.585405,0.084444 1,0.353784,0.404889,0.349730,0.084444
8.jpg 0,0.574671,0.807292,0.451974,0.052083 1,0.362500,0.496528,0.276316,0.055556
6.jpg 0,0.591053,0.822331,0.491579,0.063202 1,0.355789,0.490169,0.298947,0.047753
1.jpg 0,0.607187,0.863168,0.590625,0.097470 1,0.336250,0.404405,0.351250,0.070291
11.jpg 0,0.586449,0.677344,0.546729,0.107813 1,0.320093,0.347656,0.317757,0.082813
2.jpg 0,0.618447,0.836923,0.532039,0.076923 1,0.356796,0.403846,0.319417,0.069231
7.jpg 0,0.617500,0.793750,0.562500,0.064167 1,0.350000,0.397083,0.347500,0.059167
12.jpg 0,0.622751,0.855263,0.532275,0.078947 1,0.372487,0.423520,0.330159,0.074013
4.jpg 0,0.621164,0.856908,0.526984,0.065789 1,0.370899,0.425987,0.324868,0.075658
3.jpg 0,0.654492,0.892815,0.567578,0.073014 1,0.386914,0.435748,0.355078,0.078271
5.jpg 0,0.631148,0.746787,0.519769,0.066838 1,0.383799,0.394602,0.325940,0.059126
10.jpg 0,0.602163,0.753045,0.451923,0.049679 1,0.381010,0.438942,0.274038,0.052885
14.jpg 0,0.634277,0.766276,0.479492,0.061198 1,0.413574,0.438802,0.297852,0.059896
9.jpg 0,0.610677,0.808449,0.462674,0.054398 1,0.397135,0.476852,0.287326,0.062500
13.jpg 0,0.564313,0.770658,0.467844,0.060708 1,0.342371,0.443508,0.288777,0.070826
15.jpg 0,0.627838,0.910667,0.585405,0.084444 1,0.353784,0.404889,0.349730,0.084444
8.jpg 0,0.574671,0.807292,0.451974,0.052083 1,0.362500,0.496528,0.276316,0.055556
6.jpg 0,0.591053,0.822331,0.491579,0.063202 1,0.355789,0.490169,0.298947,0.047753
1.jpg 0,0.607187,0.863168,0.590625,0.097470 1,0.336250,0.404405,0.351250,0.070291
11.jpg 0,0.586449,0.677344,0.546729,0.107813 1,0.320093,0.347656,0.317757,0.082813
2.jpg 0,0.618447,0.836923,0.532039,0.076923 1,0.356796,0.403846,0.319417,0.069231
7.jpg 0,0.617500,0.793750,0.562500,0.064167 1,0.350000,0.397083,0.347500,0.059167
12.jpg 0,0.622751,0.855263,0.532275,0.078947 1,0.372487,0.423520,0.330159,0.074013
4.jpg 0,0.621164,0.856908,0.526984,0.065789 1,0.370899,0.425987,0.324868,0.075658
3.jpg 0,0.654492,0.892815,0.567578,0.073014 1,0.386914,0.435748,0.355078,0.078271
5.jpg 0,0.631148,0.746787,0.519769,0.066838 1,0.383799,0.394602,0.325940,0.059126
10.jpg 0,0.602163,0.753045,0.451923,0.049679 1,0.381010,0.438942,0.274038,0.052885
14.jpg 0,0.634277,0.766276,0.479492,0.061198 1,0.413574,0.438802,0.297852,0.059896
9.jpg 0,0.610677,0.808449,0.462674,0.054398 1,0.397135,0.476852,0.287326,0.062500
13.jpg 0,0.564313,0.770658,0.467844,0.060708 1,0.342371,0.443508,0.288777,0.070826
15.jpg 0,0.627838,0.910667,0.585405,0.084444 1,0.353784,0.404889,0.349730,0.084444
8.jpg 0,0.574671,0.807292,0.451974,0.052083 1,0.362500,0.496528,0.276316,0.055556
6.jpg 0,0.591053,0.822331,0.491579,0.063202 1,0.355789,0.490169,0.298947,0.047753
1.jpg 0,0.607187,0.863168,0.590625,0.097470 1,0.336250,0.404405,0.351250,0.070291
11.jpg 0,0.586449,0.677344,0.546729,0.107813 1,0.320093,0.347656,0.317757,0.082813
2.jpg 0,0.618447,0.836923,0.532039,0.076923 1,0.356796,0.403846,0.319417,0.069231
7.jpg 0,0.617500,0.793750,0.562500,0.064167 1,0.350000,0.397083,0.347500,0.059167
12.jpg 0,0.622751,0.855263,0.532275,0.078947 1,0.372487,0.423520,0.330159,0.074013
4.jpg 0,0.621164,0.856908,0.526984,0.065789 1,0.370899,0.425987,0.324868,0.075658
3.jpg 0,0.654492,0.892815,0.567578,0.073014 1,0.386914,0.435748,0.355078,0.078271
5.jpg 0,0.631148,0.746787,0.519769,0.066838 1,0.383799,0.394602,0.325940,0.059126
10.jpg 0,0.602163,0.753045,0.451923,0.049679 1,0.381010,0.438942,0.274038,0.052885
14.jpg 0,0.634277,0.766276,0.479492,0.061198 1,0.413574,0.438802,0.297852,0.059896
9.jpg 0,0.610677,0.808449,0.462674,0.054398 1,0.397135,0.476852,0.287326,0.062500
13.jpg 0,0.564313,0.770658,0.467844,0.060708 1,0.342371,0.443508,0.288777,0.070826
15.jpg 0,0.627838,0.910667,0.585405,0.084444 1,0.353784,0.404889,0.349730,0.084444
8.jpg 0,0.574671,0.807292,0.451974,0.052083 1,0.362500,0.496528,0.276316,0.055556
6.jpg 0,0.591053,0.822331,0.491579,0.063202 1,0.355789,0.490169,0.298947,0.047753
1.jpg 0,0.607187,0.863168,0.590625,0.097470 1,0.336250,0.404405,0.351250,0.070291
11.jpg 0,0.586449,0.677344,0.546729,0.107813 1,0.320093,0.347656,0.317757,0.082813
2.jpg 0,0.618447,0.836923,0.532039,0.076923 1,0.356796,0.403846,0.319417,0.069231
7.jpg 0,0.617500,0.793750,0.562500,0.064167 1,0.350000,0.397083,0.347500,0.059167
12.jpg 0,0.622751,0.855263,0.532275,0.078947 1,0.372487,0.423520,0.330159,0.074013
4.jpg 0,0.621164,0.856908,0.526984,0.065789 1,0.370899,0.425987,0.324868,0.075658
3.jpg 0,0.654492,0.892815,0.567578,0.073014 1,0.386914,0.435748,0.355078,0.078271
5.jpg 0,0.631148,0.746787,0.519769,0.066838 1,0.383799,0.394602,0.325940,0.059126
10.jpg 0,0.602163,0.753045,0.451923,0.049679 1,0.381010,0.438942,0.274038,0.052885
14.jpg 0,0.634277,0.766276,0.479492,0.061198 1,0.413574,0.438802,0.297852,0.059896
9.jpg 0,0.610677,0.808449,0.462674,0.054398 1,0.397135,0.476852,0.287326,0.062500
13.jpg 0,0.564313,0.770658,0.467844,0.060708 1,0.342371,0.443508,0.288777,0.070826
15.jpg 0,0.627838,0.910667,0.585405,0.084444 1,0.353784,0.404889,0.349730,0.084444
8.jpg 0,0.574671,0.807292,0.451974,0.052083 1,0.362500,0.496528,0.276316,0.055556
6.jpg 0,0.591053,0.822331,0.491579,0.063202 1,0.355789,0.490169,0.298947,0.047753
1.jpg 0,0.607187,0.863168,0.590625,0.097470 1,0.336250,0.404405,0.351250,0.070291
11.jpg 0,0.586449,0.677344,0.546729,0.107813 1,0.320093,0.347656,0.317757,0.082813
2.jpg 0,0.618447,0.836923,0.532039,0.076923 1,0.356796,0.403846,0.319417,0.069231
7.jpg 0,0.617500,0.793750,0.562500,0.064167 1,0.350000,0.397083,0.347500,0.059167
12.jpg 0,0.622751,0.855263,0.532275,0.078947 1,0.372487,0.423520,0.330159,0.074013
4.jpg 0,0.621164,0.856908,0.526984,0.065789 1,0.370899,0.425987,0.324868,0.075658
3.jpg 0,0.654492,0.892815,0.567578,0.073014 1,0.386914,0.435748,0.355078,0.078271
5.jpg 0,0.631148,0.746787,0.519769,0.066838 1,0.383799,0.394602,0.325940,0.059126
10.jpg 0,0.602163,0.753045,0.451923,0.049679 1,0.381010,0.438942,0.274038,0.052885
14.jpg 0,0.634277,0.766276,0.479492,0.061198 1,0.413574,0.438802,0.297852,0.059896
9.jpg 0,0.610677,0.808449,0.462674,0.054398 1,0.397135,0.476852,0.287326,0.062500
13.jpg 0,0.564313,0.770658,0.467844,0.060708 1,0.342371,0.443508,0.288777,0.070826
15.jpg 0,0.627838,0.910667,0.585405,0.084444 1,0.353784,0.404889,0.349730,0.084444
8.jpg 0,0.574671,0.807292,0.451974,0.052083 1,0.362500,0.496528,0.276316,0.055556
6.jpg 0,0.591053,0.822331,0.491579,0.063202 1,0.355789,0.490169,0.298947,0.047753
1.jpg 0,0.607187,0.863168,0.590625,0.097470 1,0.336250,0.404405,0.351250,0.070291
